log_lp_minimize_new   66 elts    13 min 06    installs: 13524

(1791|1791) (1198|1052) (834|602) (606|405) (530|306) (587|300) (503|199) (510|158) (354|137) (228|99) (379|107) (383|86) (196|58) (102|45) (313|57) (297|58) (372|49) (285|37) (86|22) (273|22) (93|23) (287|24) (270|24) (257|17) (83|14) (231|16) (34|13) (142|14) (125|10) (112|9) (91|8) (225|7) (93|6) (124|5) (103|5) (172|5) (132|5) (157|4) (93|2) (53|2) (31|2) (31|2) (31|2) (24|2) (24|2) (94|2) (94|2) (141|2) (1|1) (93|1) (3|1) (3|1) (3|1) (3|1) (3|1) (3|1) (3|1) (3|1) (3|1) (1|1) (1|1) (90|1) (1|1) (1|1) (1|1) (134|1)


log_wmax_minimize_new  68 elts    9 min 29    installs: 13400

(1769|1769) (1164|952) (862|690) (595|393) (543|306) (654|319) (475|193) (418|141) (342|144) (308|100) (292|87) (283|89) (350|72) (122|49) (203|38) (297|51) (319|47) (144|34) (328|44) (281|31) (281|40) (74|18) (233|18) (293|28) (293|14) (146|18) (299|16) (171|11) (24|11) (159|11) (115|12) (182|9) (25|8) (168|7) (105|6) (71|5) (71|5) (144|4) (69|3) (51|3) (32|3) (32|3) (32|3) (147|2) (66|2) (21|2) (89|2) (89|2) (26|2) (18|2) (90|1) (3|1) (3|1) (3|1) (3|1) (3|1) (3|1) (3|1) (3|1) (3|1) (1|1) (1|1) (1|1) (1|1) (1|1) (1|1) (1|1) (1|1)


log_lp_minimal_criterion  65 elts   8 min 01    installs: 18153

(1791|1791) (1204|1052) (862|602) (640|405) (561|306) (637|303) (587|197) (586|158) (383|137) (269|99) (479|106) (442|86) (281|59) (138|45) (405|57) (405|57) (447|49) (401|38) (160|22) (395|22) (145|23) (348|24) (412|25) (155|14) (364|19) (425|16) (96|13) (250|12) (348|11) (190|10) (210|8) (357|6) (161|5) (209|5) (287|5) (261|5) (328|4) (280|3) (159|2) (88|2) (69|2) (76|2) (46|2) (116|2) (93|2) (104|2) (168|2) (181|2) (234|2) (53|1) (177|1) (28|1) (38|1) (38|1) (30|1) (38|1) (35|1) (35|1) (13|1) (37|1) (43|1) (35|1) (13|1) (22|1) (285|1)


log_wmax_minimal_criterion  68 elts  7 min 16    installs: 23653

(1769|1769) (1178|952) (888|690) (658|393) (591|306) (717|319) (567|193) (513|141) (493|144) (440|100) (424|87) (387|89) (512|72) (250|49) (358|38) (528|51) (486|47) (269|34) (495|44) (500|31) (472|40) (210|18) (452|18) (465|28) (490|14) (395|18) (511|16) (436|11) (129|11) (379|11) (314|12) (421|9) (104|8) (416|7) (305|6) (263|5) (251|5) (397|4) (254|3) (184|3) (133|3) (146|3) (123|3) (342|2) (302|2) (192|2) (284|2) (277|2) (250|2) (169|2) (290|1) (151|1) (88|1) (120|1) (138|1) (88|1) (102|1) (78|1) (89|1) (77|1) (43|1) (91|1) (69|1) (113|1) (282|1) (222|1) (226|1) (297|1)


log_maxsat (budget: 45) 58 elts  7 min 11   installs: 14428

(1748|1739) (1245|1063) (946|637) (742|410) (556|292) (720|274) (577|229) (496|139) (474|157) (321|113) (332|93) (304|76) (320|80) (361|64) (314|51) (324|38) (384|41) (262|37) (223|33) (237|28) (250|27) (233|27) (177|21) (284|19) (213|16) (247|17) (127|12) (277|10) (249|10) (134|10) (209|9) (161|7) (92|6) (172|5) (78|5) (126|4) (86|4) (74|4) (126|3) (103|3) (80|3) (8|3) (5|2) (5|2) (3|1) (3|1) (3|1) (3|1) (3|1) (3|1) (1|1) (1|1) (1|1) (1|1) (1|1) (1|1) (1|1) (1|1)


log_maxsat (budget: 30) 62 elts   6 min   installs: 14614

(1748|1739) (1245|1063) (946|637) (742|410) (556|292) (720|274) (577|229) (496|139) (474|157) (321|113) (332|93) (304|76) (320|80) (361|64) (312|39) (398|50) (280|43) (258|41) (264|31) (328|27) (297|23) (194|27) (118|20) (237|17) (209|17) (217|15) (138|12) (206|12) (238|11) (192|8) (206|8) (132|9) (155|6) (222|5) (85|5) (127|3) (26|3) (101|3) (101|3) (100|3) (91|3) (99|3) (4|2) (5|2) (95|2) (5|2) (3|1) (3|1) (3|1) (3|1) (3|1) (3|1) (3|1) (3|1) (1|1) (1|1) (1|1) (1|1) (1|1) (1|1) (1|1) (1|1)


log_maxsat_after_debug (budget: 30)  63 elts  5 min 50    installs: 14121

(1752|1752) (1273|1083) (868|594) (849|463) (591|261) (506|238) (432|178) (547|180) (443|139) (376|128) (403|106) (394|85) (290|70) (410|53) (198|55) (338|49) (377|58) (247|47) (111|27) (211|29) (115|24) (200|20) (114|20) (243|21) (205|17) (278|19) (250|12) (141|10) (154|8) (226|8) (177|8) (194|7) (60|7) (119|6) (121|6) (157|4) (163|4) (38|4) (38|4) (44|4) (68|4) (37|3) (5|2) (93|1) (25|1) (3|1) (3|1) (91|1) (3|1) (33|1) (3|1) (34|1) (31|1) (3|1) (3|1) (3|1) (3|1) (3|1) (1|1) (1|1) (1|1) (1|1) (20|1)


log_maxsat_after_debug_minimize_new (budget: 30)  64 elts   6 min 20   installs: 13029

(1743|1743) (1263|1100) (929|635) (715|426) (487|262) (585|276) (546|238) (451|143) (433|113) (264|105) (245|61) (436|100) (315|63) (116|59) (292|49) (192|50) (277|38) (294|42) (125|27) (301|34) (100|29) (203|23) (150|19) (77|20) (49|16) (271|27) (64|7) (155|7) (161|12) (165|10) (16|5) (185|10) (87|7) (20|4) (76|4) (137|8) (50|13) (154|9) (11|1) (31|1) (32|3) (81|3) (52|1) (106|3) (67|7) (37|1) (98|2) (74|3) (32|2) (33|1) (98|1) (35|1) (5|2) (31|1) (58|1) (3|1) (3|1) (3|1) (3|1) (1|1) (3|1) (1|1) (1|1) (1|1)
